ID | Demand | ServiceTime | Distance
0,0,10,0,10,20,30,40,50,60,70,80,90,100
1,100,10,10,0,15,25,35,45,55,65,75,85,95
2,100,10,20,15,0,10,20,30,40,50,60,70,80
3,100,10,30,25,10,0,15,25,35,45,55,65,75
4,100,10,40,35,20,15,0,10,20,30,40,50,60
5,100,10,50,45,30,25,10,0,10,20,30,40,50
6,100,10,60,55,40,35,20,10,0,10,20,30,40
7,100,10,70,65,50,45,30,20,10,0,10,20,30
8,100,10,80,75,60,55,40,30,20,10,0,10,20
9,100,10,90,85,70,65,50,40,30,20,10,0,10
10,100,10,100,95,80,75,60,50,40,30,10,0